0.001
0.01
1000
[-0.1217544  -0.37230458  0.11258834  0.40539168  0.95899162  1.2843446
  0.9980594  -1.05333507 -3.68249182 -0.98914865  1.92469664  2.68945114
  1.43493452 -1.80235268  3.54686986  5.73418699 -3.44624179  2.24186417
  4.90880822 -1.12816846 -2.07326489  2.0633471  -1.94058764 -3.30167413
  1.17728074 -2.19562499 -1.90960169 -1.93063882 -2.57606067 -2.36542796
 -1.35271232 -2.22662041 -2.78620727 -2.57562916 -3.10771776 -1.79691237
 -2.1629598  -2.8072345  -3.19903998 -3.42650354]
[14.194]